14 	 0.863080
2 	 0.461530
6 	 0.289367
1 	 0.188558
3 	 0.692475
4 	 0.439734
3 	 0.516837
0 	 0.947670
2 	 0.944632
2 	 0.461053
8 	 0.625674
1 	 0.388593
8 	 0.583817
13 	 0.751878
15 	 0.567175
8 	 0.453902
8 	 0.456969
4 	 0.300186
15 	 0.864901
5 	 0.117442
6 	 0.310400
3 	 0.968946
2 	 0.290214
15 	 0.420915
13 	 0.851003
2 	 0.526953
14 	 0.615253
2 	 0.526772
15 	 0.279586
4 	 0.238344
14 	 0.238764
4 	 0.618883
1 	 0.201129
9 	 0.592446
7 	 0.395830
3 	 0.732868
9 	 0.890674
13 	 0.132408
14 	 0.865351
1 	 0.055638
10 	 0.043792
3 	 0.599317
13 	 0.845290
11 	 0.707895
8 	 0.450337
8 	 0.172290
3 	 0.342489
10 	 0.786936
8 	 0.250893
3 	 0.388212
6 	 0.129879
11 	 0.895150
3 	 0.587983
14 	 0.785924
6 	 0.301284
3 	 0.062050
12 	 0.025024
7 	 0.678012
13 	 0.145500
11 	 0.118747
14 	 0.795163
5 	 0.030441
5 	 0.904830
4 	 0.522001
9 	 0.676344
5 	 0.897122
11 	 0.999076
13 	 0.415975
12 	 0.343748
14 	 0.367432
9 	 0.175732
14 	 0.091630
9 	 0.264150
12 	 0.414572
15 	 0.099151
4 	 0.660500
11 	 0.123658
0 	 0.820671
3 	 0.014792
4 	 0.071449
8 	 0.604540
2 	 0.211214
1 	 0.932823
10 	 0.224566
0 	 0.773398
12 	 0.161560
8 	 0.566942
5 	 0.784366
0 	 0.063526
14 	 0.690556
1 	 0.598009
1 	 0.010880
1 	 0.532577
1 	 0.464588
0 	 0.383521
4 	 0.536287
14 	 0.402619
6 	 0.538131
14 	 0.369870
13 	 0.170561
3 	 0.048829
6 	 0.382488
12 	 0.850141
9 	 0.977499
3 	 0.263763
1 	 0.092341
8 	 0.726619
14 	 0.053102
3 	 0.676737
0 	 0.365511
0 	 0.782635
15 	 0.152665
12 	 0.956999
8 	 0.996775
14 	 0.231529
9 	 0.158285
5 	 0.477232
2 	 0.066981
6 	 0.262506
3 	 0.353636
0 	 0.185149
12 	 0.824670
3 	 0.471045
10 	 0.923985
8 	 0.214594
1 	 0.492173
8 	 0.790441
4 	 0.328549
12 	 0.633091
1 	 0.563387
2 	 0.485142
4 	 0.833396
8 	 0.155555
8 	 0.354770
4 	 0.308554
14 	 0.269262
13 	 0.683814
12 	 0.321230
1 	 0.349706
2 	 0.366772
8 	 0.568631
13 	 0.860124
14 	 0.495427
2 	 0.643435
14 	 0.612156
3 	 0.466953
1 	 0.537216
5 	 0.241120
4 	 0.767090
5 	 0.595286
0 	 0.622612
13 	 0.821886
4 	 0.756104
14 	 0.844374
1 	 0.552438
6 	 0.385514
8 	 0.137333
5 	 0.522428
13 	 0.562736
15 	 0.767129
3 	 0.233008
0 	 0.095128
4 	 0.007320
6 	 0.606218
5 	 0.567520
15 	 0.855424
1 	 0.908551
1 	 0.115499
5 	 0.686086
3 	 0.887007
0 	 0.965317
8 	 0.607770
2 	 0.517366
4 	 0.059232
1 	 0.848814
6 	 0.397546
10 	 0.906319
10 	 0.074522
6 	 0.854043
7 	 0.322403
14 	 0.252135
2 	 0.812454
12 	 0.563699
6 	 0.419498
10 	 0.108316
10 	 0.345301
8 	 0.643525
0 	 0.694218
14 	 0.254146
8 	 0.825312
3 	 0.160288
15 	 0.557567
14 	 0.468050
14 	 0.451281
15 	 0.616644
2 	 0.214248
11 	 0.706484
4 	 0.369364
4 	 0.538751
6 	 0.707665
12 	 0.748718
14 	 0.954038
4 	 0.424286
1 	 0.756761
12 	 0.950019
13 	 0.579772
6 	 0.817657
13 	 0.455702
10 	 0.758897
11 	 0.559320
14 	 0.904924
11 	 0.267675
2 	 0.156357
3 	 0.985754
4 	 0.044849
13 	 0.655253
0 	 0.088499
9 	 0.347116
5 	 0.254887
12 	 0.158879
13 	 0.171664
1 	 0.970405
1 	 0.175479
4 	 0.236682
15 	 0.855849
0 	 0.379591
2 	 0.914711
13 	 0.565711
6 	 0.683784
9 	 0.146172
3 	 0.526970
3 	 0.601951
0 	 0.643892
0 	 0.335559
4 	 0.759008
11 	 0.555683
4 	 0.991710
13 	 0.515539
14 	 0.110304
13 	 0.764080
12 	 0.950579
13 	 0.267777
3 	 0.133172
14 	 0.457312
5 	 0.094232
12 	 0.754560
14 	 0.497560
14 	 0.625660
4 	 0.187931
9 	 0.145562
3 	 0.756405
2 	 0.071679
15 	 0.576787
11 	 0.155615
12 	 0.707113
10 	 0.330624
8 	 0.001415
2 	 0.619272
5 	 0.898233
4 	 0.423213
15 	 0.564324
12 	 0.358412
6 	 0.755745
4 	 0.621921
2 	 0.646606
9 	 0.639502
14 	 0.197572
8 	 0.154110
4 	 0.203461
4 	 0.695812
11 	 0.228381
8 	 0.467781
11 	 0.649064
12 	 0.196114
10 	 0.286843
8 	 0.437499
14 	 0.447052
13 	 0.305393
12 	 0.168341
9 	 0.366004
14 	 0.309317
2 	 0.096682
1 	 0.808155
14 	 0.421284
7 	 0.223240
14 	 0.732275
3 	 0.440873
13 	 0.899602
4 	 0.190375
4 	 0.839893
15 	 0.125421
8 	 0.339717
11 	 0.375272
2 	 0.566525
3 	 0.041371
8 	 0.897831
10 	 0.370148
14 	 0.047878
12 	 0.363584
14 	 0.722345
5 	 0.810722
7 	 0.573172
14 	 0.957363
10 	 0.846024
0 	 0.643919
15 	 0.501728
10 	 0.230901
14 	 0.199020
1 	 0.592005
13 	 0.613803
12 	 0.649896
2 	 0.577850
1 	 0.453161
4 	 0.229725
3 	 0.906943
1 	 0.227361
2 	 0.961137
4 	 0.726656
14 	 0.626409
15 	 0.141898
1 	 0.440340
7 	 0.059937
2 	 0.013752
10 	 0.032045
3 	 0.569898
12 	 0.908556
3 	 0.580088
11 	 0.629292
3 	 0.101603
14 	 0.085612
14 	 0.719429
13 	 0.310319
13 	 0.339951
1 	 0.021957
15 	 0.941127
6 	 0.422407
6 	 0.913166
2 	 0.378475
15 	 0.698675
3 	 0.727624
4 	 0.575777
0 	 0.407616
7 	 0.712509
9 	 0.025619
11 	 0.025575
15 	 0.294838
3 	 0.835773
9 	 0.741700
13 	 0.367572
13 	 0.874599
9 	 0.795563
14 	 0.652971
3 	 0.612357
0 	 0.036569
4 	 0.424787
2 	 0.657825
11 	 0.884145
14 	 0.808085
14 	 0.264858
12 	 0.026762
3 	 0.209503
3 	 0.520007
1 	 0.844872
9 	 0.343159
14 	 0.846438
4 	 0.495068
8 	 0.441933
6 	 0.221700
8 	 0.536305
0 	 0.909930
1 	 0.291432
0 	 0.892826
12 	 0.963153
13 	 0.583343
9 	 0.225229
13 	 0.830400
6 	 0.715369
14 	 0.111714
11 	 0.960612
12 	 0.363529
10 	 0.798681
14 	 0.242454
10 	 0.994675
3 	 0.159006
10 	 0.559722
5 	 0.467195
6 	 0.371217
6 	 0.663467
3 	 0.385988
15 	 0.170428
3 	 0.014068
4 	 0.768472
2 	 0.450247
12 	 0.340517
9 	 0.208330
2 	 0.366862
1 	 0.174352
4 	 0.273696
0 	 0.621063
4 	 0.558299
4 	 0.674384
10 	 0.095042
2 	 0.372855
14 	 0.740304
8 	 0.608463
13 	 0.610056
4 	 0.433549
1 	 0.537517
14 	 0.971581
14 	 0.391516
13 	 0.030035
2 	 0.668249
11 	 0.684372
2 	 0.577894
6 	 0.697303
7 	 0.751148
5 	 0.422586
6 	 0.760009
0 	 0.413960
3 	 0.733113
4 	 0.429845
4 	 0.840311
6 	 0.227446
1 	 0.375282
4 	 0.973030
11 	 0.161861
0 	 0.702298
12 	 0.188301
1 	 0.529988
0 	 0.535655
12 	 0.760619
11 	 0.306711
11 	 0.840843
9 	 0.436876
6 	 0.740364
10 	 0.227399
9 	 0.979388
8 	 0.216405
4 	 0.581833
13 	 0.940550
6 	 0.070457
9 	 0.878487
7 	 0.541291
9 	 0.019448
11 	 0.611788
5 	 0.048560
2 	 0.137923
1 	 0.216521
3 	 0.994894
4 	 0.249405
6 	 0.000690
0 	 0.699302
10 	 0.956628
5 	 0.600390
15 	 0.222810
1 	 0.974295
14 	 0.480065
2 	 0.855122
13 	 0.506004
12 	 0.240546
1 	 0.275823
2 	 0.557095
7 	 0.966142
14 	 0.517156
14 	 0.742758
5 	 0.860059
0 	 0.639272
1 	 0.502027
8 	 0.068973
8 	 0.168946
1 	 0.717196
4 	 0.379128
8 	 0.300434
12 	 0.369116
1 	 0.084446
8 	 0.598292
14 	 0.185006
9 	 0.307268
8 	 0.657638
6 	 0.615966
10 	 0.598329
12 	 0.988511
14 	 0.244881
4 	 0.192963
2 	 0.307399
0 	 0.716261
4 	 0.651789
11 	 0.386060
13 	 0.036682
4 	 0.316565
6 	 0.913882
14 	 0.642662
4 	 0.773379
13 	 0.778743
13 	 0.246952
10 	 0.500931
2 	 0.930444
12 	 0.010198
6 	 0.316479
12 	 0.343359
4 	 0.716987
8 	 0.412942
15 	 0.089933
9 	 0.559529
10 	 0.339495
10 	 0.621619
0 	 0.726133
13 	 0.775749
4 	 0.365372
3 	 0.834387
14 	 0.445492
11 	 0.753630
11 	 0.202457
13 	 0.308984
8 	 0.644933
11 	 0.339614
10 	 0.687688
14 	 0.035116
5 	 0.617069
4 	 0.953428
0 	 0.085846
5 	 0.217584
0 	 0.872701
8 	 0.699792
0 	 0.524635
10 	 0.783218
11 	 0.243682
1 	 0.773504
4 	 0.011842
15 	 0.105273
11 	 0.972316
3 	 0.867928
4 	 0.485037
3 	 0.573505
14 	 0.144673
5 	 0.298134
0 	 0.010446
0 	 0.136458
12 	 0.667295
9 	 0.335202
4 	 0.876945
5 	 0.226658
11 	 0.483151
9 	 0.259747
9 	 0.737809
14 	 0.161523
13 	 0.139497
12 	 0.014778
14 	 0.975708
13 	 0.484511
7 	 0.413984
13 	 0.017602
9 	 0.616260
9 	 0.506276
0 	 0.490692
2 	 0.971589
15 	 0.457416
10 	 0.108714
11 	 0.968756
3 	 0.426910
4 	 0.291122
3 	 0.152998
13 	 0.652495
0 	 0.408895
3 	 0.931277
9 	 0.218724
4 	 0.437447
0 	 0.695734
14 	 0.184252
13 	 0.280484
14 	 0.962221
0 	 0.584296
6 	 0.388908
14 	 0.841303
13 	 0.828869
2 	 0.258964
0 	 0.246294
2 	 0.327014
14 	 0.335914
2 	 0.333963
0 	 0.483751
12 	 0.472755
14 	 0.393724
5 	 0.031282
0 	 0.566316
8 	 0.509818
6 	 0.734981
6 	 0.741192
13 	 0.332762
14 	 0.190868
11 	 0.409793
13 	 0.640188
5 	 0.598091
12 	 0.021267
11 	 0.193142
8 	 0.386686
8 	 0.376832
0 	 0.382308
2 	 0.386115
4 	 0.951720
5 	 0.735408
11 	 0.198929
14 	 0.608574
6 	 0.722557
14 	 0.343694
6 	 0.097107
1 	 0.342283
8 	 0.661722
14 	 0.614327
1 	 0.935234
1 	 0.307833
3 	 0.839484
4 	 0.760350
3 	 0.490968
14 	 0.660711
10 	 0.656162
15 	 0.404192
9 	 0.585247
4 	 0.755027
3 	 0.853026
15 	 0.004460
9 	 0.674879
10 	 0.520615
12 	 0.133699
13 	 0.230334
15 	 0.783559
0 	 0.824496
13 	 0.300925
1 	 0.814749
9 	 0.071234
13 	 0.953952
6 	 0.702480
14 	 0.610262
10 	 0.679293
9 	 0.760949
6 	 0.139439
13 	 0.088374
4 	 0.483759
9 	 0.948588
2 	 0.225809
9 	 0.417558
1 	 0.465145
1 	 0.413074
0 	 0.889867
10 	 0.475944
13 	 0.027544
1 	 0.953591
1 	 0.140477
10 	 0.608478
2 	 0.910047
10 	 0.850934
1 	 0.705925
4 	 0.450413
2 	 0.954704
6 	 0.672742
9 	 0.149642
0 	 0.769057
15 	 0.304319
5 	 0.626714
1 	 0.345916
1 	 0.559763
12 	 0.127287
9 	 0.925720
8 	 0.588587
5 	 0.833174
3 	 0.819056
14 	 0.983752
2 	 0.788294
10 	 0.156006
8 	 0.609430
4 	 0.067129
13 	 0.156542
9 	 0.123488
9 	 0.244145
4 	 0.762929
3 	 0.669465
5 	 0.736424
9 	 0.222475
10 	 0.924002
6 	 0.457053
8 	 0.242793
6 	 0.423345
0 	 0.436415
4 	 0.778144
6 	 0.568901
8 	 0.008364
2 	 0.699424
15 	 0.163385
12 	 0.746238
8 	 0.058446
1 	 0.749675
6 	 0.092778
13 	 0.235025
12 	 0.374752
6 	 0.017061
6 	 0.872693
2 	 0.580461
12 	 0.151008
0 	 0.178124
12 	 0.885164
1 	 0.420672
9 	 0.832492
3 	 0.595807
11 	 0.895805
10 	 0.055624
13 	 0.931119
4 	 0.432059
3 	 0.667995
1 	 0.240401
8 	 0.865687
13 	 0.410396
3 	 0.270617
1 	 0.064503
13 	 0.443689
12 	 0.988920
12 	 0.294540
13 	 0.673757
14 	 0.745981
1 	 0.344434
3 	 0.374646
2 	 0.966792
1 	 0.491210
9 	 0.398278
0 	 0.200179
1 	 0.191629
2 	 0.556642
3 	 0.326327
1 	 0.488010
5 	 0.186111
3 	 0.698668
11 	 0.544236
0 	 0.186927
5 	 0.009506
3 	 0.369122
6 	 0.665791
14 	 0.089928
3 	 0.535521
6 	 0.698921
4 	 0.375120
1 	 0.425810
12 	 0.207191
3 	 0.214974
3 	 0.935836
5 	 0.987375
13 	 0.309944
1 	 0.482364
14 	 0.938460
4 	 0.501435
0 	 0.794499
15 	 0.925097
2 	 0.976964
8 	 0.720393
12 	 0.546442
1 	 0.724386
1 	 0.896945
4 	 0.915200
5 	 0.456462
14 	 0.606986
8 	 0.636512
3 	 0.006363
5 	 0.140251
4 	 0.998616
0 	 0.958741
6 	 0.123633
1 	 0.209066
11 	 0.400647
12 	 0.085707
12 	 0.403538
14 	 0.840531
13 	 0.479074
9 	 0.656869
3 	 0.238143
1 	 0.736512
5 	 0.832978
12 	 0.962959
11 	 0.695104
12 	 0.754922
8 	 0.023629
0 	 0.763717
1 	 0.003043
3 	 0.021404
7 	 0.276179
12 	 0.175546
13 	 0.936153
4 	 0.103033
3 	 0.455609
0 	 0.481242
14 	 0.957940
14 	 0.646275
9 	 0.993945
9 	 0.620220
4 	 0.427937
10 	 0.884084
1 	 0.741941
2 	 0.997048
13 	 0.666655
11 	 0.872205
14 	 0.576307
1 	 0.363024
12 	 0.679362
6 	 0.795997
9 	 0.257700
15 	 0.267631
0 	 0.130492
3 	 0.473699
6 	 0.423038
0 	 0.680609
14 	 0.231144
0 	 0.565457
9 	 0.645507
9 	 0.358982
3 	 0.416299
9 	 0.803037
4 	 0.740474
13 	 0.924104
5 	 0.210518
6 	 0.766508
0 	 0.439933
13 	 0.835617
12 	 0.089283
4 	 0.179289
4 	 0.579457
5 	 0.866669
4 	 0.663706
2 	 0.161356
4 	 0.183739
0 	 0.615965
9 	 0.653628
15 	 0.140354
13 	 0.752052
4 	 0.087759
15 	 0.209940
11 	 0.504119
8 	 0.101290
1 	 0.503765
2 	 0.790892
12 	 0.707247
4 	 0.375235
6 	 0.752918
1 	 0.123704
12 	 0.255723
12 	 0.501540
7 	 0.987522
2 	 0.456382
13 	 0.172224
4 	 0.576824
11 	 0.297664
7 	 0.142249
6 	 0.779870
13 	 0.966573
8 	 0.703614
14 	 0.245560
8 	 0.824435
1 	 0.695542
5 	 0.183984
12 	 0.199088
14 	 0.192981
6 	 0.721183
12 	 0.369124
13 	 0.783649
10 	 0.984895
0 	 0.039311
6 	 0.391537
8 	 0.493807
3 	 0.747438
13 	 0.489578
10 	 0.725783
0 	 0.098898
1 	 0.084430
4 	 0.753944
9 	 0.946587
13 	 0.086127
0 	 0.447686
2 	 0.208676
9 	 0.412928
14 	 0.340094
3 	 0.996613
11 	 0.134462
6 	 0.745207
12 	 0.560529
1 	 0.293848
14 	 0.054343
3 	 0.563376
6 	 0.862346
11 	 0.671933
10 	 0.801720
7 	 0.026866
13 	 0.029678
2 	 0.568395
13 	 0.670701
14 	 0.028744
4 	 0.397699
2 	 0.877433
5 	 0.933513
0 	 0.242702
3 	 0.306069
8 	 0.614492
4 	 0.603160
4 	 0.154003
4 	 0.957345
0 	 0.814124
1 	 0.669401
12 	 0.622787
6 	 0.628300
15 	 0.498614
8 	 0.109946
9 	 0.367664
5 	 0.051080
8 	 0.012382
1 	 0.574495
0 	 0.556218
10 	 0.905368
4 	 0.944439
5 	 0.862045
4 	 0.801143
14 	 0.382730
7 	 0.718711
13 	 0.477679
4 	 0.073768
10 	 0.089265
1 	 0.414408
2 	 0.804401
2 	 0.258127
15 	 0.455824
9 	 0.895549
14 	 0.372333
9 	 0.736938
12 	 0.977404
4 	 0.909529
1 	 0.076036
5 	 0.297112
14 	 0.516315
6 	 0.165511
8 	 0.186474
4 	 0.012932
1 	 0.602908
0 	 0.698435
3 	 0.974914
0 	 0.574734
4 	 0.505123
7 	 0.369569
1 	 0.325165
10 	 0.282938
14 	 0.138918
4 	 0.349452
15 	 0.474119
1 	 0.764502
14 	 0.367074
7 	 0.165677
14 	 0.461023
6 	 0.593238
1 	 0.617739
15 	 0.241792
1 	 0.358876
14 	 0.588259
7 	 0.963249
9 	 0.159607
14 	 0.198358
11 	 0.580115
1 	 0.756595
5 	 0.158147
2 	 0.267246
0 	 0.737881
5 	 0.215833
4 	 0.636890
3 	 0.631498
7 	 0.948958
15 	 0.618394
7 	 0.819554
13 	 0.238710
2 	 0.427748
9 	 0.526921
5 	 0.591680
8 	 0.106048
0 	 0.239810
1 	 0.991888
2 	 0.423695
12 	 0.186794
13 	 0.112152
14 	 0.787504
4 	 0.176167
8 	 0.333719
14 	 0.981498
0 	 0.354988
4 	 0.447531
14 	 0.993871
5 	 0.521727
9 	 0.107993
2 	 0.808241
1 	 0.972380
3 	 0.149481
5 	 0.839357
0 	 0.907808
10 	 0.748715
5 	 0.701870
5 	 0.459671
0 	 0.419855
13 	 0.668943
10 	 0.639839
6 	 0.626195
15 	 0.997289
14 	 0.632017
14 	 0.154378
2 	 0.886875
2 	 0.399365
14 	 0.845163
13 	 0.270588
8 	 0.512607
1 	 0.992088
14 	 0.199741
3 	 0.164033
13 	 0.282300
0 	 0.569314
3 	 0.416836
9 	 0.267838
2 	 0.366563
2 	 0.533771
1 	 0.556336
13 	 0.453157
1 	 0.423589
6 	 0.447068
8 	 0.157414
0 	 0.257201
2 	 0.902750
1 	 0.958341
9 	 0.119287
12 	 0.722487
0 	 0.851592
14 	 0.763685
3 	 0.026984
14 	 0.458915
3 	 0.471104
0 	 0.223902
13 	 0.183978
9 	 0.543215
4 	 0.485389
8 	 0.963990
1 	 0.875975
9 	 0.173693
11 	 0.390645
3 	 0.560172
14 	 0.649893
2 	 0.029283
9 	 0.683681
2 	 0.858833
9 	 0.773282
3 	 0.391153
6 	 0.854501
12 	 0.841545
6 	 0.919354
0 	 0.922328
12 	 0.859988
12 	 0.136695
1 	 0.064256
9 	 0.662388
0 	 0.268296
0 	 0.365725
8 	 0.597854
11 	 0.257574
15 	 0.044926
5 	 0.232950
0 	 0.031145
13 	 0.960297
10 	 0.554267
6 	 0.300053
15 	 0.182388
4 	 0.751713
14 	 0.518305
8 	 0.522428
13 	 0.819646
3 	 0.025798
1 	 0.280713
11 	 0.671308
14 	 0.211817
1 	 0.715169
12 	 0.573714
5 	 0.256959
8 	 0.843874
11 	 0.729976
13 	 0.585590
0 	 0.031426
14 	 0.855982
9 	 0.903334
3 	 0.203300
9 	 0.631042
10 	 0.109816
4 	 0.062890
12 	 0.432700
4 	 0.710127
11 	 0.902586
0 	 0.037595
5 	 0.858656
1 	 0.895843
11 	 0.230834
6 	 0.604758
4 	 0.559967
3 	 0.655219
1 	 0.490757
2 	 0.091621
8 	 0.502873
13 	 0.150304
8 	 0.785241
0 	 0.246598
5 	 0.659181
1 	 0.495756
3 	 0.335580
2 	 0.974031
14 	 0.692107
1 	 0.120246
4 	 0.249199
15 	 0.828634
8 	 0.184555
4 	 0.747881
9 	 0.389461
13 	 0.442082
0 	 0.812422
12 	 0.058740
13 	 0.016674
0 	 0.797011
5 	 0.739667
6 	 0.164390
9 	 0.296957
3 	 0.789847
0 	 0.469193
4 	 0.034856
8 	 0.990777
13 	 0.731873
13 	 0.080867
6 	 0.403747
5 	 0.524868
0 	 0.313460
10 	 0.277246
4 	 0.565326
0 	 0.725255
9 	 0.910722
8 	 0.582390
4 	 0.365482
12 	 0.493809
12 	 0.238725
3 	 0.782620
8 	 0.614136
9 	 0.233423
4 	 0.223343
9 	 0.507845
13 	 0.288136
14 	 0.388512
3 	 0.661585
2 	 0.440680
8 	 0.216117
11 	 0.863195
2 	 0.159788
0 	 0.259447
1 	 0.548048
14 	 0.707743
8 	 0.712624
5 	 0.607033
3 	 0.128628
8 	 0.375008
14 	 0.481780
8 	 0.615325
12 	 0.817362
10 	 0.821343
0 	 0.970033
0 	 0.710821
13 	 0.829272
12 	 0.027273
3 	 0.047107
0 	 0.189506
12 	 0.632086
13 	 0.753676
3 	 0.315463
5 	 0.870987
1 	 0.528532
4 	 0.668974
5 	 0.917334
4 	 0.994197
5 	 0.834574
3 	 0.106805
4 	 0.971452
6 	 0.515584
12 	 0.432306
14 	 0.085951
0 	 0.161572
14 	 0.137246
15 	 0.734687
13 	 0.369945
6 	 0.847825
6 	 0.250915
5 	 0.602465
2 	 0.910585
11 	 0.454703
4 	 0.566108
13 	 0.752000
3 	 0.333411
1 	 0.958675
5 	 0.586800
4 	 0.085951
10 	 0.514644
3 	 0.435222
13 	 0.387637
8 	 0.046724
9 	 0.299813
12 	 0.550318
12 	 0.683199
1 	 0.987938
11 	 0.943841
9 	 0.704372
13 	 0.579825
8 	 0.156349
9 	 0.733762
13 	 0.156765
4 	 0.057141
2 	 0.474590
13 	 0.327772
12 	 0.206872
13 	 0.359587
3 	 0.148857
9 	 0.566072
9 	 0.920400
5 	 0.731591
11 	 0.313035
0 	 0.414173
10 	 0.958011
13 	 0.192975
3 	 0.965331
6 	 0.401430
14 	 0.746349
6 	 0.309161
13 	 0.874799
14 	 0.998317
15 	 0.616534
3 	 0.561870
14 	 0.102493
7 	 0.084188
13 	 0.500452
5 	 0.946108
2 	 0.727951
9 	 0.800005
2 	 0.613660
5 	 0.256026
3 	 0.187355
2 	 0.691191
1 	 0.778472
12 	 0.722905
11 	 0.758635
15 	 0.211953
3 	 0.653268
3 	 0.230629
13 	 0.680850
11 	 0.310603
2 	 0.472145
3 	 0.875974
10 	 0.554908
15 	 0.036669
2 	 0.396983
12 	 0.489112
4 	 0.053430
8 	 0.711050
0 	 0.266522
4 	 0.127511
15 	 0.229770
10 	 0.415479
12 	 0.107271
3 	 0.426453
3 	 0.596751
0 	 0.549086
15 	 0.278329
4 	 0.570881
0 	 0.599239
3 	 0.783319
14 	 0.693222
8 	 0.424831
13 	 0.261442
13 	 0.549474
9 	 0.961995
7 	 0.175449
14 	 0.543648
3 	 0.590092
0 	 0.787338
10 	 0.596132
11 	 0.453088
10 	 0.464862
1 	 0.937960
3 	 0.018454
1 	 0.714851
3 	 0.650489
13 	 0.593108
3 	 0.793357
2 	 0.396896
4 	 0.410402
14 	 0.910201
13 	 0.916451
7 	 0.262671
3 	 0.553150
1 	 0.619527
13 	 0.265883
2 	 0.145923
11 	 0.255499
5 	 0.765773
9 	 0.182503
5 	 0.083335
1 	 0.623477
8 	 0.362931
13 	 0.464865
8 	 0.911578
1 	 0.703341
9 	 0.434722
6 	 0.107362
1 	 0.290632
13 	 0.886601
4 	 0.843283
9 	 0.208098
14 	 0.268353
5 	 0.639103
1 	 0.866992
6 	 0.284340
2 	 0.780547
15 	 0.388403
15 	 0.346140
0 	 0.221614
6 	 0.184362
6 	 0.602719
13 	 0.671007
0 	 0.154297
0 	 0.349482
5 	 0.551766
12 	 0.126003
11 	 0.794542
2 	 0.999555
14 	 0.736411
7 	 0.678338
6 	 0.919027
1 	 0.998983
3 	 0.576089
5 	 0.257205
3 	 0.536547
12 	 0.979895
4 	 0.735135
3 	 0.922720
15 	 0.924380
8 	 0.168996
10 	 0.832907
14 	 0.781178
15 	 0.922066
1 	 0.633652
4 	 0.971409
0 	 0.835063
2 	 0.422772
7 	 0.242110
0 	 0.784010
0 	 0.005046
9 	 0.869020
13 	 0.726505
10 	 0.438482
3 	 0.727694
6 	 0.864752
4 	 0.262014
3 	 0.854072
4 	 0.658872
12 	 0.918357
10 	 0.539441
12 	 0.488810
1 	 0.813687
4 	 0.276751
13 	 0.977234
3 	 0.406614
9 	 0.707650
8 	 0.326577
13 	 0.249087
1 	 0.578798
9 	 0.613498
4 	 0.953592
11 	 0.099935
14 	 0.650184
10 	 0.010310
8 	 0.172083
3 	 0.793571
13 	 0.899463
0 	 0.626069
10 	 0.571997
13 	 0.066509
14 	 0.315572
14 	 0.941384
13 	 0.755517
4 	 0.813436
4 	 0.459657
10 	 0.267486
12 	 0.956294
10 	 0.782830
3 	 0.803660
15 	 0.479616
10 	 0.443862
0 	 0.442114
11 	 0.281538
5 	 0.067531
14 	 0.052326
12 	 0.171506
5 	 0.200155
9 	 0.582108
13 	 0.256181
8 	 0.033559
13 	 0.281386
9 	 0.829202
8 	 0.047199
3 	 0.080216
15 	 0.451011
14 	 0.953026
2 	 0.952906
10 	 0.978506
3 	 0.214362
15 	 0.477992
13 	 0.055639
8 	 0.478449
12 	 0.940187
11 	 0.039558
3 	 0.222772
7 	 0.423973
2 	 0.686189
15 	 0.607043
7 	 0.529565
4 	 0.461392
5 	 0.666480
8 	 0.439000
10 	 0.557099
9 	 0.993115
1 	 0.920889
13 	 0.454319
8 	 0.602635
15 	 0.704723
0 	 0.404604
3 	 0.250687
9 	 0.730169
10 	 0.711518
1 	 0.392247
9 	 0.964836
12 	 0.570960
3 	 0.720817
14 	 0.858087
0 	 0.482705
0 	 0.405697
8 	 0.553361
4 	 0.342508
8 	 0.373693
9 	 0.672767
12 	 0.467185
1 	 0.109696
9 	 0.379381
2 	 0.558434
5 	 0.822538
6 	 0.012956
1 	 0.131082
5 	 0.193909
14 	 0.889374
10 	 0.627275
5 	 0.759171
5 	 0.240835
2 	 0.202322
9 	 0.563329
11 	 0.001914
13 	 0.426117
9 	 0.530905
2 	 0.919600
11 	 0.253042
0 	 0.622385
9 	 0.303508
9 	 0.951544
3 	 0.238774
11 	 0.376411
14 	 0.545224
13 	 0.428683
14 	 0.380703
5 	 0.300675
5 	 0.499423
12 	 0.534912
0 	 0.203105
13 	 0.470428
9 	 0.600638
10 	 0.152050
1 	 0.078952
12 	 0.496930
12 	 0.102287
14 	 0.066584
13 	 0.039062
12 	 0.564254
9 	 0.873682
7 	 0.798450
12 	 0.804620
14 	 0.385337
2 	 0.165945
3 	 0.945035
14 	 0.465386
4 	 0.352732
11 	 0.508218
0 	 0.722419
7 	 0.488508
6 	 0.540540
2 	 0.943484
0 	 0.965475
9 	 0.340270
6 	 0.970020
1 	 0.441012
11 	 0.174177
1 	 0.171870
3 	 0.745591
3 	 0.646111
0 	 0.707633
3 	 0.729315
8 	 0.293646
4 	 0.091847
13 	 0.003974
12 	 0.513974
6 	 0.677855
8 	 0.955714
14 	 0.933057
3 	 0.491026
12 	 0.808464
11 	 0.171259
2 	 0.330889
9 	 0.819820
7 	 0.153858
11 	 0.434893
11 	 0.552787
12 	 0.392027
0 	 0.893811
8 	 0.326599
13 	 0.077985
7 	 0.689069
1 	 0.252424
11 	 0.424895
15 	 0.691983
6 	 0.481749
8 	 0.843626
8 	 0.868816
11 	 0.288310
3 	 0.725457
1 	 0.706579
4 	 0.804248
2 	 0.779399
1 	 0.865898
3 	 0.759622
2 	 0.293702
3 	 0.504907
8 	 0.137221
14 	 0.104820
4 	 0.149417
5 	 0.582288
3 	 0.124620
13 	 0.770757
0 	 0.621255
1 	 0.726025
14 	 0.648686
2 	 0.226258
2 	 0.327896
6 	 0.569103
15 	 0.241698
2 	 0.826184
9 	 0.307528
3 	 0.573263
1 	 0.936002
10 	 0.722524
2 	 0.618639
10 	 0.876687
14 	 0.094136
14 	 0.417873
12 	 0.962774
14 	 0.694720
12 	 0.234212
12 	 0.968920
8 	 0.269358
1 	 0.106813
10 	 0.101111
3 	 0.557861
0 	 0.936262
5 	 0.228181
12 	 0.103533
10 	 0.745682
4 	 0.567238
0 	 0.134718
14 	 0.903417
10 	 0.582925
14 	 0.089985
12 	 0.674744
4 	 0.050820
1 	 0.398492
12 	 0.243170
13 	 0.352017
14 	 0.198965
6 	 0.161701
13 	 0.512713
12 	 0.644592
12 	 0.483525
2 	 0.664457
13 	 0.540442
10 	 0.489708
15 	 0.518835
13 	 0.340836
6 	 0.970803
9 	 0.463399
12 	 0.794575
8 	 0.938692
8 	 0.915255
4 	 0.521684
8 	 0.068801
4 	 0.188741
6 	 0.557362
3 	 0.988326
4 	 0.656580
4 	 0.408029
4 	 0.566803
8 	 0.735524
2 	 0.596632
13 	 0.486320
12 	 0.383971
14 	 0.512209
11 	 0.985279
13 	 0.451255
15 	 0.653590
5 	 0.666505
3 	 0.777798
3 	 0.309730
0 	 0.772585
15 	 0.910011
13 	 0.130317
2 	 0.341917
5 	 0.264473
14 	 0.589914
15 	 0.306270
15 	 0.598642
1 	 0.337759
9 	 0.208640
12 	 0.105736
1 	 0.165367
6 	 0.158693
5 	 0.619017
6 	 0.405982
9 	 0.794964
3 	 0.385586
11 	 0.038826
3 	 0.739857
14 	 0.796101
4 	 0.833457
1 	 0.476625
5 	 0.922365
12 	 0.608788
6 	 0.383394
2 	 0.274016
1 	 0.131777
9 	 0.315654
1 	 0.925449
0 	 0.015039
4 	 0.788112
3 	 0.601403
14 	 0.232438
0 	 0.019325
8 	 0.214590
8 	 0.451617
8 	 0.157548
10 	 0.249666
1 	 0.620834
8 	 0.131690
12 	 0.457209
2 	 0.127910
10 	 0.390449
13 	 0.801719
3 	 0.176163
8 	 0.574372
14 	 0.912415
9 	 0.071223
0 	 0.545680
10 	 0.343218
4 	 0.239051
14 	 0.505917
13 	 0.991685
6 	 0.750993
4 	 0.165636
6 	 0.441186
5 	 0.098617
11 	 0.274991
12 	 0.413849
5 	 0.289517
8 	 0.923306
0 	 0.679917
11 	 0.531622
6 	 0.548727
4 	 0.112389
12 	 0.697206
0 	 0.034075
13 	 0.546225
15 	 0.396266
9 	 0.911835
0 	 0.920703
0 	 0.738920
6 	 0.963490
14 	 0.056613
3 	 0.740408
14 	 0.091669
5 	 0.938445
12 	 0.856354
15 	 0.754676
3 	 0.532064
11 	 0.325024
3 	 0.137953
6 	 0.897401
14 	 0.658784
3 	 0.483664
8 	 0.981059
3 	 0.537599
9 	 0.490803
14 	 0.838505
6 	 0.524288
6 	 0.018650
8 	 0.455663
2 	 0.578899
5 	 0.654050
1 	 0.157829
1 	 0.576887
7 	 0.480322
8 	 0.529577
9 	 0.955026
4 	 0.444403
13 	 0.474393
10 	 0.327762
11 	 0.422879
8 	 0.408767
14 	 0.069797
11 	 0.572333
1 	 0.330597
1 	 0.200413
14 	 0.838107
14 	 0.185703
9 	 0.269186
8 	 0.402707
13 	 0.505274
7 	 0.598857
12 	 0.487824
13 	 0.138048
14 	 0.468068
0 	 0.940807
6 	 0.854832
0 	 0.508092
2 	 0.531406
4 	 0.951824
2 	 0.018315
3 	 0.433251
15 	 0.021551
1 	 0.720475
0 	 0.444788
0 	 0.792685
9 	 0.830561
14 	 0.471174
10 	 0.989950
6 	 0.856497
10 	 0.660075
1 	 0.653011
2 	 0.511109
12 	 0.566905
5 	 0.342357
1 	 0.868286
4 	 0.029607
7 	 0.989642
7 	 0.797127
6 	 0.797056
2 	 0.317006
3 	 0.875000
1 	 0.852605
0 	 0.064789
3 	 0.705881
4 	 0.612593
11 	 0.074211
9 	 0.792728
13 	 0.483178
15 	 0.053665
14 	 0.530387
8 	 0.303078
9 	 0.246272
13 	 0.365788
15 	 0.265455
2 	 0.695951
8 	 0.025025
1 	 0.725953
0 	 0.848692
4 	 0.466155
1 	 0.788444
9 	 0.392595
5 	 0.225844
8 	 0.881626
9 	 0.180823
3 	 0.512878
7 	 0.197500
12 	 0.448090
1 	 0.358132
4 	 0.358349
6 	 0.283992
2 	 0.047602
3 	 0.616038
1 	 0.063276
3 	 0.566395
5 	 0.788822
8 	 0.844174
1 	 0.495581
0 	 0.398260
10 	 0.106104
9 	 0.894436
7 	 0.206019
4 	 0.114859
5 	 0.549161
4 	 0.887841
5 	 0.487567
11 	 0.438124
0 	 0.972595
3 	 0.130007
8 	 0.909736
4 	 0.692942
0 	 0.077742
6 	 0.245513
4 	 0.557253
3 	 0.056898
2 	 0.662865
8 	 0.183171
12 	 0.683327
9 	 0.921011
2 	 0.205982
12 	 0.412797
12 	 0.836918
15 	 0.354925
13 	 0.361457
3 	 0.057194
14 	 0.392624
5 	 0.143828
12 	 0.936857
1 	 0.802296
2 	 0.685946
8 	 0.297073
3 	 0.723829
10 	 0.446290
1 	 0.501039
4 	 0.124955
8 	 0.391365
10 	 0.097069
1 	 0.764495
9 	 0.377227
3 	 0.838987
2 	 0.565855
10 	 0.645327
4 	 0.943937
10 	 0.053192
9 	 0.318978
8 	 0.618199
10 	 0.240654
4 	 0.761832
9 	 0.633857
9 	 0.853307
12 	 0.035372
12 	 0.283691
1 	 0.895560
1 	 0.913672
4 	 0.875644
13 	 0.723338
8 	 0.883897
4 	 0.341201
1 	 0.151200
6 	 0.854423
0 	 0.357182
0 	 0.032772
9 	 0.696876
2 	 0.338972
0 	 0.397529
0 	 0.407647
6 	 0.062043
6 	 0.890118
3 	 0.543727
3 	 0.062663
3 	 0.871599
12 	 0.560037
14 	 0.930443
3 	 0.922499
1 	 0.436928
10 	 0.542004
12 	 0.763200
4 	 0.047498
8 	 0.784861
2 	 0.397224
5 	 0.871599
10 	 0.035746
11 	 0.262880
6 	 0.183788
4 	 0.909379
8 	 0.008901
2 	 0.308646
14 	 0.070977
11 	 0.692159
13 	 0.066798
2 	 0.724874
4 	 0.215206
14 	 0.649331
14 	 0.744276
10 	 0.981641
5 	 0.558616
4 	 0.565847
14 	 0.701391
9 	 0.573767
14 	 0.067352
11 	 0.926449
8 	 0.597095
4 	 0.784165
9 	 0.949086
3 	 0.555057
0 	 0.445449
13 	 0.442672
0 	 0.969402
12 	 0.182978
14 	 0.300188
4 	 0.826413
13 	 0.121927
11 	 0.847308
8 	 0.015650
14 	 0.292424
0 	 0.181470
9 	 0.571350
13 	 0.820646
5 	 0.971251
6 	 0.675416
1 	 0.063609
13 	 0.768549
3 	 0.487910
0 	 0.678606
6 	 0.782994
3 	 0.029835
9 	 0.956779
11 	 0.617934
3 	 0.258935
2 	 0.695153
14 	 0.389065
4 	 0.791238
0 	 0.397447
14 	 0.395304
13 	 0.945252
14 	 0.678138
14 	 0.469120
12 	 0.422929
15 	 0.568486
2 	 0.468851
11 	 0.821223
13 	 0.714428
13 	 0.342972
14 	 0.667075
11 	 0.679344
4 	 0.936942
3 	 0.131217
11 	 0.371160
11 	 0.940586
0 	 0.250976
10 	 0.710788
6 	 0.725411
4 	 0.532021
1 	 0.329068
3 	 0.714886
9 	 0.747090
15 	 0.914930
13 	 0.464288
0 	 0.723933
2 	 0.402967
14 	 0.104451
2 	 0.718752
8 	 0.721166
5 	 0.879337
9 	 0.835791
4 	 0.017477
4 	 0.906641
13 	 0.465436
9 	 0.908398
13 	 0.276274
3 	 0.637455
3 	 0.282581
2 	 0.943456
1 	 0.591986
0 	 0.873370
10 	 0.164197
13 	 0.426764
4 	 0.769966
15 	 0.809055
6 	 0.753060
9 	 0.496791
3 	 0.372019
14 	 0.783627
12 	 0.515615
1 	 0.655581
2 	 0.694300
7 	 0.650114
3 	 0.450500
6 	 0.152273
9 	 0.310082
2 	 0.381267
1 	 0.303259
0 	 0.044277
10 	 0.344273
7 	 0.982430
0 	 0.956581
4 	 0.562453
14 	 0.051998
