137
143
182
245
289
361
388
402
507
526
584
687
717
776
935
968
1026
1082
1147
1187
1229
1302
1363
1382
1388
1413
1518
1690
1881
1958
2107
2120
2127
2155
2316
2373
2438
2452
2477
2502
2512
2689
2715
2733
2797
2906
2986
3020
3065
3113
3232
3258
3340
3344
3367
3396
3435
3452
3505
3562
3578
3603
3655
3766
3795
3804
3988
4015
4039
4068
4157
4187
4196
4246
4282
4288
4320
4348
4523
4587
4594
4631
4693
4808
4877
4889
4932
5005
5107
5184
5222
5441
5453
5521
5527
5642
5723
5748
5756
5769
5827
5837
5869
5877
5915
5922
5995
6000
6012
6033
6167
6195
6204
6243
6259
6269
6282
6306
6327
6360
6399
6550
6567
6645
6669
6674
6680
6698
6739
6800
6907
6960
7039
7100
7156
7192
7232
7241
7301
7382
7433
7496
7556
7575
7613
7627
7647
7683
7784
7791
8046
8190
8207
8282
8288
8316
8426
8432
8445
8589
8825
8965
9009
9046
9076
9126
9157
9163
9185
9217
9223
9298
9315
9480
9543
9552
9585
9599
9625
9764
9813
9826
9951
9973
9979
10040
10171
10177
10182
10194
10206
10211
10358
10432
10472
10554
10566
10598
10628
10633
10735
10767
10840
10891
10934
10947
10966
11018
11082
11120
11191
11210
11234
11289
11354
11376
11385
11466
11566
11614
11672
11730
11866
12031
12045
12130
12206
12237
12314
12342
12448
12530
12697
12736
12772
12968
13056
13093
13166
13181
13262
13362
13369
13490
13551
13583
13625
13938
14010
14023
14051
14078
14088
14148
14155
14197
14248
14325
14346
14368
14405
14445
14515
14555
14569
14628
14690
14704
14755
14805
14847
15083
15093
15134
15165
15181
15212
15236
15265
15278
15315
15331
15433
15466
15499
15513
15531
15599
15613
15627
15656
15800
15819
15854
15894
15905
15960
16042
16050
16061
16090
16140
16166
16207
16237
16250
16322
16450
16552
16603
16745
16811
16819
16844
16935
16996
17058
17136
17142
17283
17295
17360
17401
17449
17455
17478
17497
17516
17527
17731
17751
17767
17773
17790
17802
17825
17856
17863
17944
18075
18102
18191
18334
18393
18455
18508
18614
18704
18737
18841
18903
18917
19052
19118
19146
19220
19255
19273
19398
19471
19510
19523
19635
19969
19991
20089
20159
20284
20290
20295
20311
20382
20440
20565
20578
20591
20597
20604
20627
20691
20768
20837
20856
20967
21026
21100
21107
21137
21173
21256
21273
21310
21359
21369
21389
21422
21455
21491
21587
21772
21788
21888
21904
21933
22048
22161
22185
22208
22282
22294
22387
22398
22413
22524
22603
22764
22978
23031
23220
23263
23334
23383
23536
23578
23699
23721
23793
23809
23864
23904
23984
24057
24130
24151
24162
24168
24210
24230
24257
24301
24325
24434
24457
24474
24639
24666
24672
24690
24728
24757
24826
24896
24913
24943
24954
24960
24984
25029
25051
25064
25107
25272
25341
25358
25369
25387
25398
25420
25467
25548
25553
25577
25621
25656
25703
25769
25886
25940
25970
25989
26008
26076
26095
26369
26378
26441
26465
26552
26622
26657
26732
26772
26821
26847
26878
26892
26977
27011
27020
27068
27089
27131
27238
27274
27291
27297
27306
27337
27376
27515
27531
27586
27600
27626
27655
27715
27832
27838
28013
28046
28126
28151
28285
28546
28633
28641
28650
28738
28798
28829
28842
28862
28884
28985
29004
29042
29061
29076
29107
29137
29171
29179
29192
29209
29235
29279
29292
29312
29363
29390
29441
29528
29581
29689
29716
29878
29892
29978
29996
30084
30091
30129
30138
30144
30166
30203
30232
30342
30463
30474
30502
30520
30537
30547
30555
30605
30624
30640
30791
30835
30855
30941
31025
31046
31063
31242
31296
31331
31390
31398
31410
31547
31567
31595
31649
31699
31710
31783
31823
31841
31942
31981
32006
32015
32068
32074
32090
32143
32239
32252
32259
32283
32350
32357
32370
32411
32455
32539
32729
32778
32783
32802
32869
32903
32936
32966
33011
33042
33054
33076
33198
33282
33385
33391
33412
33444
33505
33512
33554
33586
33595
33610
33624
33692
33789
33851
33863
33957
33991
34014
34045
34064
34070
34111
34140
34177
34203
34222
34272
34310
34361
34379
34386
34399
34406
34444
34461
34497
34604
34614
34652
34700
34822
34859
34902
35003
35085
35119
35148
35192
35201
35267
35326
35370
35391
35449
35662
35673
35685
35714
35752
35913
35921
35964
36101
36114
36164
36177
36221
36288
36308
36325
36344
36422
36427
36433
36557
36598
36674
36691
36744
36838
36850
36926
36976
36983
37051
37067
37118
37163
37245
37327
37371
37379
37390
37621
37658
37664
37703
37724
37734
37921
37983
37992
38113
38161
38167
38322
38339
38343
38372
38390
38402
38431
38487
38506
38539
38557
38580
38665
38715
38805
38974
39103
39146
39175
39204
39228
39240
39310
39372
39458
39493
39628
39828
39865
39968
39991
40018
40038
40046
40129
40155
40172
40376
40406
40420
40434
40448
40552
40663
40704
40722
40732
40747
40805
40927
41013
41079
41101
41134
41230
41310
41446
41488
41502
41511
41549
41566
41573
41605
41660
41791
41835
41919
41925
41956
42108
42131
42142
42215
42228
42273
42439
42458
42467
42569
42636
42925
42935
42997
43017
43216
43229
43258
43302
43340
43345
43452
43548
43703
43765
43840
43886
43920
43932
44030
44039
44045
44062
44102
44118
44178
44214
44220
44237
44260
44268
44279
44325
44411
44448
44534
44543
44594
44645
44675
44681
44826
44843
44857
44881
44938
44959
44980
45005
45029
45151
45156
45178
45192
45205
45266
45274
45345
45356
45453
45463
45479
45612
45650
45693
45720
45757
45763
45791
45860
45866
45912
46041
46218
46232
46238
46322
46392
46422
46527
46559
46643
46741
46766
46825
46836
46862
46882
46962
46986
47015
47041
47076
47124
47141
47159
47233
47239
47275
47349
47388
47586
47693
47739
47770
47805
47823
47870
47908
48058
48252
48265
48297
48418
48439
48492
48517
48547
48614
48650
48665
48695
48737
48769
48782
48865
49008
49016
49042
49049
49102
49127
49144
49177
49300
49312
49386
49421
49437
49585
49651
49677
49706
49767
49782
49823
49961
50003
50087
50123
50196
50268
50335
50364
50389
50433
50505
50623
50650
50665
50721
50738
50769
50805
50884
50949
51007
51059
51073
51094
51103
51161
51241
51333
51454
51502
51531
51541
51546
51567
51600
51634
51669
51770
51968
51981
52007
52051
52059
52104
52172
52192
52267
52308
52333
52460
52546
52595
52611
52643
52649
52687
52706
52740
52746
52773
52793
53005
53043
53115
53126
53133
53165
53207
53216
53240
53258
53269
53279
53435
53454
53460
53584
53595
53607
53665
53686
53714
53731
53832
53872
53885
53908
53986
54069
54076
54082
54118
54155
54287
54305
54337
54384
54392
54406
54445
54558
54664
54693
54707
54787
54798
54879
54931
55061
55244
55396
55414
55466
55483
55490
55544
55567
55598
55654
55701
55872
55901
55907
55978
55999
56029
56099
56116
56194
56282
56345
56446
56465
56625
56641
56718
56913
57044
57072
57238
57288
57293
57314
57358
57417
57468
57521
57649
57702
57753
57848
57871
57973
58023
58079
58106
58121
58127
58163
58181
58235
58266
58342
58377
58455
58469
58703
58783
58794
58807
58869
58920
58941
58949
58973
58980
58991
59042
59073
59078
59088
59153
59161
59238
59243
59315
59358
59400
59431
59499
59598
59627
59633
59650
59744
59814
59929
59937
59955
59969
59995
60083
60115
60124
60129
60135
60175
60221
60291
60306
60445
60469
60553
60645
60666
60674
60761
60967
60983
61065
61168
61202
61256
61292
61299
61305
61323
61379
61403
61408
61425
61450
61515
61530
61654
61698
61707
61801
61897
62005
62063
62102
62115
62268
62327
62355
62387
62523
62575
62634
62647
62685
62795
62800
62836
62883
62946
62988
63008
63014
63029
63060
63113
63215
63319
63389
63463
63568
63647
63867
64019
64034
64105
64151
64178
64197
64279
64352
64370
64422
64491
64501
64784
64799
64813
64931
64938
64997
65136
65161
65408
65457
65482
65505
65529
65576
65605
65615
65636
65694
65771
65800
65878
65893
65918
65945
65950
66008
66024
66141
66225
66324
66335
66389
66481
66491
66597
66607
66667
66684
66959
67142
67148
67174
67213
67222
67246
67261
67276
67299
67350
67392
67505
67515
67554
67594
67646
67674
67722
67765
67850
67871
67915
67945
67992
68022
68123
68297
68322
68342
68355
68418
68446
68488
68500
68517
68529
68581
68652
68672
68700
68723
68794
68826
68949
68979
69007
69120
69137
69277
69307
69327
69425
69498
69658
69874
69950
70011
70029
70056
70148
70170
70366
70438
70507
70575
70659
70672
70677
70699
70709
70727
70746
70766
70791
70867
70943
70954
70964
70975
70986
71079
71085
71265
71283
71391
71495
71630
71646
71774
71790
71809
71826
71927
71974
72031
72059
72077
72125
72131
72148
72197
72210
72226
72307
72348
72407
72452
72536
72547
72610
72856
72897
72950
72963
73025
73039
73078
73096
73168
73213
73299
73313
73332
73394
73477
73522
73546
73556
73586
73699
73783
73950
73975
73989
74008
74021
74213
74251
74412
74430
74557
74580
74723
74780
74790
74860
74901
74939
75005
75043
75087
75110
75207
75224
75229
75244
75264
75287
75337
75372
75390
75409
75436
75464
75490
75647
75738
75755
75764
75827
75840
75905
75966
76036
76059
76103
76108
76166
76197
76206
76248
76303
76308
76338
76361
76517
76535
76553
76559
76570
76603
76645
76652
76670
76762
76793
76917
76986
77050
77062
77106
77266
77327
77365
77372
77400
77410
77442
77580
77615
77628
77640
77690
77774
77835
77868
77878
77884
77975
78039
78094
78149
78222
78352
78376
78460
78540
78606
78669
78764
78795
78855
78943
79048
79055
79067
79095
79125
79140
79181
79224
79306
79439
79454
79480
79487
79517
79547
79698
79731
79801
79846
79924
79933
79947
79976
79994
80020
80222
80297
80345
80443
80455
80530
80550
80623
80705
80753
80811
80837
80868
80887
80939
80944
80976
80999
81064
81136
81262
81420
81445
81452
81479
81485
81496
81508
81541
81621
81631
81676
81704
81743
81784
81804
81834
81934
81952
81960
81972
82008
82071
82085
82174
82208
82222
82230
82260
82269
82296
82318
82453
82484
82557
82597
82617
82668
82711
82717
82753
82815
82835
82898
82947
82992
83009
83015
83057
83089
83388
83416
83422
83450
83565
83584
83649
84026
84109
84150
84170
84225
84243
84263
84322
84345
84532
84632
84646
84654
84690
84837
84896
84932
84981
84990
85060
85066
85154
85214
85232
85245
85257
85284
85316
85337
85350
85390
85399
85493
85517
85522
85612
85716
85785
85901
86022
86157
86200
86213
86240
86282
86324
86462
86504
86565
86596
86705
86716
86739
86767
86773
86838
86893
86912
86923
86959
86994
87085
87102
87129
87261
87485
87537
87548
87568
87588
87611
87657
87722
87811
87934
87961
87987
88029
88035
88189
88306
88321
88337
88377
88451
88457
88546
88559
88590
88674
88720
88788
88910
88933
88990
89009
89075
89090
89113
89118
89146
89195
89244
89526
89660
89707
89740
89768
89787
89794
89846
89892
89904
89959
90065
90081
90105
90158
90231
90341
90380
90385
90425
90437
90553
90591
90616
90641
90732
90795
90806
90813
90871
91089
91101
91201
91270
91306
91333
91378
91389
91421
91542
91583
91605
91611
91671
91765
91779
91837
91888
91953
91960
92001
92046
92103
92121
92159
92212
92343
92372
92393
92455
92530
92619
92655
92683
92703
92716
92732
92850
92856
92870
92909
92957
92978
92993
93011
93048
93054
93115
93175
93210
93259
93284
93360
93407
93416
93471
93561
93576
93599
93840
93949
93974
94070
94129
94237
94316
94344
94351
94404
94423
94503
94523
94628
94689
94711
94727
94759
94898
94903
94927
94989
95169
95184
95277
95294
95392
95460
95491
95519
95544
95607
95641
95695
95727
95818
95836
95975
96022
96093
96191
96213
96235
96307
96315
96433
96506
96541
96550
96590
96707
96775
96780
96819
96844
96852
96872
96910
96939
96986
97050
97133
97233
97255
97280
97399
97557
97628
97765
97779
97875
97882
97928
97936
97962
97967
98006
98056
98197
98224
98286
98373
98413
98423
98470
98525
98546
98626
98751
98757
98763
98778
98797
98856
98954
99051
99070
99082
99114
99166
99263
99328
99392
99442
99515
99543
99616
99633
99646
99664
99771
99853
99860
99880
99905
99938
